0	1
1	1
2	0
3	2
4	1
5	2
6	2
7	1
8	2
9	1
10	2
11	2
12	2
13	2
14	2
15	0
16	1
17	2
18	1
19	2
20	2
21	1
22	2
23	2
24	2
25	1
26	2
27	2
28	2
29	1
30	1
31	1
32	2
33	1
34	0
35	0
36	1
37	1
38	0
39	2
40	0
41	1
42	0
43	1
44	1
45	1
46	1
47	0
48	0
49	0
50	0
51	0
52	0
53	0
54	0
55	0
56	0
57	0
58	0
59	0
60	2
61	2
62	1
63	2
64	1
65	1
66	2
67	1
68	0
69	1
70	0
71	2
72	0
73	2
74	1
75	2
76	2
77	0
78	0
79	0
80	0
81	0
82	1
83	2
84	1
85	2
86	1
87	2
88	1
89	1
90	0
91	2
92	1
93	2
94	0
95	0
96	1
97	2
98	1
99	1
100	1
101	0
102	2
103	2
104	2
105	1
106	0
107	2
108	2
109	2
110	0
111	2
112	1
113	1
114	1
115	0
116	2
117	2
118	1
119	1
120	1
121	0
122	2
123	0
124	2
125	2
126	0
127	0
128	2
129	2
130	0
131	2
132	0
133	0
134	1
135	2
136	0
137	2
138	1
139	0
140	1
141	0
142	0
143	2
144	2
145	2
146	2
147	1
148	2
149	2
150	1
151	0
152	2
153	0
154	1
155	0
156	2
157	1
158	1
159	1
160	1
161	1
162	2
163	2
164	1
165	1
166	1
167	2
168	1
169	0
170	1
171	1
172	1
173	0
174	0
175	2
176	2
177	2
178	1
179	2
180	1
181	2
182	1
183	1
184	1
185	1
186	2
187	2
188	1
189	2
190	2
191	1
192	2
193	1
194	0
195	2
196	1
197	1
198	2
199	2
200	2
201	2
202	1
203	1
204	1
205	2
206	0
207	0
208	2
209	2
210	2
211	2
212	1
213	2
214	1
215	1
216	1
217	1
218	2
219	1
220	2
221	1
222	1
223	0
224	2
225	2
226	2
227	2
228	2
229	2
230	0
231	1
232	1
233	0
234	0
235	1
236	2
237	2
238	2
239	2
240	0
241	1
242	2
243	1
244	0
245	1
246	2
247	2
248	0
249	2
250	1
251	2
252	0
253	1
254	1
255	0
256	2
257	0
258	2
259	2
260	2
261	0
262	0
263	1
264	2
265	2
266	1
267	1
268	2
269	0
270	2
271	2
272	2
273	1
274	2
275	1
276	1
277	1
278	2
279	1
280	1
281	2
282	2
283	2
284	1
285	0
286	2
287	2
288	2
289	2
290	1
291	1
292	2
293	2
294	2
295	2
296	0
297	0
298	2
299	1
300	1
301	0
302	1
303	2
304	1
305	0
306	2
307	1
308	2
309	0
310	1
311	2
312	2
313	1
314	1
315	2
316	2
317	2
318	0
319	1
320	2
321	1
322	2
323	0
324	1
325	1
326	2
327	1
328	0
329	1
330	2
331	2
332	1
333	2
334	0
335	1
336	2
337	2
338	2
339	2
340	1
341	2
342	2
343	2
344	2
345	2
346	1
347	1
348	2
349	2
350	1
351	1
352	1
353	2
354	1
355	1
356	1
357	1
358	2
359	1
360	1
361	2
362	2
363	0
364	0
365	2
366	1
367	2
368	2
369	1
370	1
371	1
372	0
373	1
374	2
375	2
376	1
377	1
378	2
379	1
380	1
381	1
382	2
383	0
384	1
385	0
386	2
387	2
388	2
389	1
390	2
391	1
392	1
393	1
394	1
395	2
396	2
397	1
398	0
399	1
400	1
401	1
402	2
403	1
404	1
405	1
406	0
407	1
408	1
409	0
410	2
411	1
412	2
413	0
414	1
415	0
416	1
417	1
418	2
419	2
420	2
421	2
422	2
423	1
424	2
425	1
426	1
427	2
428	1
429	0
430	1
431	1
432	1
433	1
434	1
435	1
436	2
437	0
438	1
439	1
440	1
441	2
442	2
443	2
444	2
445	1
446	1
447	1
448	1
449	0
450	2
451	1
452	1
453	0
454	0
455	1
456	2
457	2
458	2
459	2
460	1
461	1
462	2
463	2
464	2
465	1
466	2
467	1
468	2
469	2
470	0
471	2
472	2
473	2
474	2
475	2
476	0
477	1
478	1
479	2
480	0
481	2
482	0
483	2
484	0
485	2
486	1
487	1
488	2
489	2
490	1
491	2
492	0
493	2
494	1
495	0
496	1
497	2
498	1
499	1
500	2
501	0
502	1
503	2
504	2
505	2
506	2
507	0
508	2
509	0
510	1
511	1
512	2
513	1
514	2
515	2
516	0
517	0
518	1
519	0
520	2
521	1
522	1
523	2
524	1
525	2
526	1
527	0
528	0
529	0
530	1
531	0
532	2
533	2
534	1
535	2
536	0
537	0
538	1
539	0
540	1
541	1
542	0
543	1
544	1
545	2
546	1
547	1
548	2
549	0
550	0
551	2
552	2
553	0
554	2
555	1
556	1
557	2
558	2
559	0
18717	2
18718	1
18719	2
18720	1
18721	1
18722	2
18723	2
18724	2
18725	2
18726	2
18727	1
18728	2
18729	1
18730	1
18731	0
18732	0
18733	1
18734	2
18735	0
18736	2
18737	0
18738	2
18739	1
18740	2
18741	2
18742	2
18743	1
18744	2
18745	1
18746	0
18747	1
18748	1
18749	0
18750	2
18751	0
18752	2
18753	2
18754	1
18755	1
18756	1
18757	2
18758	0
18759	1
18760	2
18761	1
18762	1
18763	1
18764	1
18765	1
18766	0
18767	0
18768	1
18769	2
18770	2
18771	2
18772	1
18773	2
18774	2
18775	1
18776	0
18777	2
18778	2
18779	2
18780	0
18781	0
18782	2
18783	0
18784	1
18785	2
18786	1
18787	1
18788	0
18789	1
18790	2
18791	0
18792	1
18793	2
18794	2
18795	0
18796	1
18797	1
18798	1
18799	1
18800	2
18801	2
18802	2
18803	2
18804	2
18805	2
18806	0
18807	1
18808	2
18809	1
18810	1
18811	2
18812	2
18813	1
18814	1
18815	1
18816	1
18817	1
18818	1
18819	1
18820	2
18821	0
18822	1
18823	0
18824	1
18825	1
18826	1
18827	1
18828	2
18829	0
18830	2
18831	2
18832	2
18833	2
18834	0
18835	1
18836	1
18837	1
18838	0
18839	0
18840	2
18841	2
18842	2
18843	2
18844	1
18845	0
18846	2
18847	2
18848	2
18849	2
18850	2
18851	1
18852	1
18853	1
18854	0
18855	2
18856	2
18857	2
18858	1
18859	1
18860	0
18861	1
18862	2
18863	0
18864	2
18865	2
18866	1
18867	1
18868	2
18869	0
18870	0
18871	1
18872	2
18873	2
18874	2
18875	0
18876	2
18877	1
18878	1
18879	2
18880	1
18881	2
18882	2
18883	1
18884	0
18885	2
18886	0
18887	1
18888	2
18889	2
18890	0
18891	1
18892	1
18893	0
18894	2
18895	2
18896	2
18897	1
18898	1
18899	2
18900	1
18901	0
18902	2
18903	2
18904	2
18905	2
18906	2
18907	1
18908	2
18909	1
18910	2
18911	0
18912	2
18913	1
18914	2
18915	0
18916	1
18917	2
18918	2
18919	1
18920	1
18921	1
18922	1
18923	2
18924	2
18925	2
18926	1
18927	2
18928	1
18929	2
18930	2
18931	1
18932	1
18933	2
18934	2
18935	2
18936	0
18937	1
18938	2
18939	1
18940	1
18941	1
18942	1
18943	1
18944	1
18945	1
18946	1
18947	0
18948	0
18949	2
18950	0
18951	2
18952	0
18953	1
18954	1
18955	2
18956	0
18957	1
18958	2
18959	2
18960	1
18961	2
18962	2
18963	1
18964	0
18965	2
18966	2
18967	0
18968	1
18969	2
18970	2
18971	2
18972	2
18973	1
18974	1
18975	2
18976	1
18977	1
18978	2
18979	2
18980	0
18981	2
18982	0
18983	0
18984	1
18985	1
18986	1
18987	1
18988	2
18989	2
18990	2
18991	0
18992	2
18993	0
18994	1
18995	1
18996	0
18997	1
18998	1
18999	0
19000	0
19001	2
19002	2
19003	1
19004	1
19005	1
19006	1
19007	1
19008	2
19009	2
19010	1
19011	1
19012	1
19013	0
19014	2
19015	1
19016	2
19017	1
19018	1
19019	2
19020	2
19021	0
19022	2
19023	0
19024	1
19025	1
19026	2
19027	0
19028	1
19029	2
19030	2
19031	1
19032	1
19033	1
19034	2
19035	2
19036	0
19037	2
19038	1
19039	2
19040	0
19041	0
19042	1
19043	1
19044	2
19045	1
19046	1
19047	1
19048	1
19049	1
19050	2
19051	0
19052	0
19053	0
19054	1
19055	1
19056	2
19057	1
19058	2
19059	2
19060	2
19061	2
19062	1
19063	2
19064	2
19065	2
19066	1
19067	2
19068	2
19069	2
19070	1
19071	1
19072	2
19073	0
19074	1
19075	2
19076	2
19077	1
19078	2
19079	2
19080	1
19081	1
19082	1
19083	2
19084	1
19085	2
19086	2
19087	2
19088	1
19089	1
19090	1
19091	1
19092	0
19093	2
19094	2
19095	0
19096	0
19097	1
19098	2
19099	0
19100	1
19101	1
19102	1
19103	2
19104	2
19105	1
19106	1
19107	0
19108	2
19109	0
19110	2
19111	1
19112	1
19113	1
19114	1
19115	1
19116	2
19117	0
19118	0
19119	2
19120	1
19121	1
19122	0
19123	2
19124	2
19125	2
19126	1
19127	1
19128	1
19129	2
19130	1
19131	2
19132	0
19133	2
19134	0
19135	1
19136	1
19137	0
19138	1
19139	0
19140	1
19141	1
19142	1
19143	1
19144	1
19145	1
19146	2
19147	1
19148	2
19149	0
19150	1
19151	1
19152	2
19153	1
19154	1
19155	0
19156	2
19157	0
19158	1
19159	2
19160	0
19161	0
19162	1
19163	2
19164	1
19165	1
19166	2
19167	2
19168	2
19169	1
19170	0
19171	1
19172	2
19173	1
19174	2
19175	0
19176	1
19177	1
19178	0
19179	2
19180	1
19181	2
19182	2
19183	1
19184	1
19185	1
19186	1
19187	1
19188	1
19189	2
19190	2
19191	1
19192	2
19193	2
19194	0
19195	2
19196	1
19197	1
19198	2
19199	2
19200	0
19201	0
19202	1
19203	0
19204	2
19205	1
19206	1
19207	2
19208	0
19209	1
19210	0
19211	2
19212	2
19213	2
19214	2
19215	2
19216	1
19217	0
19218	1
19219	1
19220	2
19221	0
19222	2
19223	2
19224	2
19225	1
19226	1
19227	1
19228	2
19229	1
19230	1
19231	0
19232	2
19233	1
19234	2
19235	1
19236	1
19237	1
19238	2
19239	2
19240	1
19241	0
19242	0
19243	1
19244	1
19245	2
19246	1
19247	2
19248	2
19249	2
19250	1
19251	2
19252	0
19253	0
19254	0
19255	1
19256	0
19257	1
19258	2
19259	2
19260	0
19261	1
19262	1
19263	1
19264	1
19265	0
19266	2
19267	0
19268	1
19269	1
19270	1
19271	2
19272	2
19273	1
19274	1
19275	2
19276	1
19277	1
19278	2
19279	0
19280	2
19281	1
19282	2
19283	1
19284	1
19285	2
19286	1
19287	2
19288	1
19289	2
19290	2
19291	0
19292	2
19293	2
19294	1
19295	1
19296	2
19297	2
19298	0
19299	1
19300	1
19301	1
19302	1
19303	2
19304	0
19305	2
19306	2
19307	2
19308	1
19309	1
19310	1
19311	1
19312	0
19313	1
19314	2
19315	1
19316	0
19317	2
19318	2
19319	2
19320	1
19321	1
19322	2
19323	1
19324	2
19325	2
19326	1
19327	0
19328	2
19329	2
19330	2
19331	2
19332	2
19333	2
19334	2
19335	2
19336	2
19337	2
19338	1
19339	0
19340	2
19341	2
19342	1
19343	1
19344	2
19345	2
19346	1
19347	1
19348	2
19349	1
19350	1
19351	2
19352	1
19353	1
19354	2
19355	0
19356	0
19357	0
19358	1
19359	2
19360	1
19361	1
19362	2
19363	2
19364	0
19365	1
19366	1
19367	2
19368	2
19369	2
19370	1
19371	2
19372	1
19373	1
19374	1
19375	0
19376	1
19377	2
19378	1
19379	1
19380	1
19381	1
19382	1
19383	0
19384	2
19385	2
19386	2
19387	2
19388	2
19389	0
19390	1
19391	0
19392	2
19393	2
19394	1
19395	0
19396	0
19397	2
19398	1
19399	2
19400	2
19401	2
19402	2
19403	1
19404	1
19405	1
19406	2
19407	2
19408	1
19409	0
19410	2
19411	0
19412	2
19413	1
19414	1
19415	1
19416	1
19417	1
19418	0
19419	0
19420	1
19421	2
19422	1
19423	2
19424	2
19425	2
19426	2
19427	1
19428	2
19429	1
19430	1
19431	1
19432	1
19433	1
19434	2
19435	0
19436	1
19437	2
19438	2
19439	2
19440	1
19441	0
19442	2
19443	2
19444	2
19445	2
19446	2
19447	1
19448	0
19449	2
19450	0
19451	2
19452	1
19453	1
19454	2
19455	1
19456	0
19457	2
19458	2
19459	2
19460	2
19461	2
19462	1
19463	2
19464	0
19465	2
19466	0
19467	0
19468	1
19469	0
19470	1
19471	2
19472	2
19473	1
19474	0
19475	2
19476	1
19477	1
19478	0
19479	1
19480	2
19481	1
19482	1
19483	2
19484	1
19485	2
19486	0
19487	1
19488	1
19489	1
19490	2
19491	1
19492	1
19493	1
19494	2
19495	2
19496	2
19497	1
19498	2
19499	1
19500	0
19501	1
19502	0
19503	2
19504	1
19505	2
19506	1
19507	0
19508	0
19509	2
19510	2
19511	2
19512	1
19513	0
19514	2
19515	1
19516	1
19517	2
19518	2
19519	0
19520	1
19521	1
19522	2
19523	2
19524	2
19525	2
19526	1
19527	2
19528	1
19529	1
19530	2
19531	1
19532	2
19533	1
19534	2
19535	1
19536	1
19537	2
19538	1
19539	2
19540	1
19541	1
19542	1
19543	2
19544	1
19545	1
19546	1
19547	1
19548	2
19549	2
19550	1
19551	2
19552	1
19553	2
19554	2
19555	2
19556	0
19557	1
19558	1
19559	2
19560	0
19561	2
19562	1
19563	0
19564	1
19565	1
19566	2
19567	0
19568	1
19569	2
19570	1
19571	2
19572	0
19573	1
19574	1
19575	0
19576	2
19577	1
19578	1
19579	1
19580	1
19581	1
19582	2
19583	0
19584	1
19585	1
19586	1
19587	2
19588	1
19589	1
19590	1
19591	1
19592	2
19593	0
19594	1
19595	1
19596	1
19597	0
19598	2
19599	2
19600	1
19601	1
19602	0
19603	1
19604	2
19605	1
19606	2
19607	2
19608	2
19609	0
19610	1
19611	2
19612	2
19613	1
19614	2
19615	1
19616	2
19617	0
19618	0
19619	1
19620	1
19621	0
19622	2
19623	1
19624	1
19625	2
19626	0
19627	1
19628	1
19629	2
19630	2
19631	0
19632	2
19633	0
19634	2
19635	1
19636	0
19637	0
19638	2
19639	1
19640	2
19641	2
19642	1
19643	2
19644	0
19645	2
19646	2
19647	0
19648	2
19649	1
19650	0
19651	1
19652	1
19653	2
19654	0
19655	2
19656	2
19657	1
19658	2
19659	2
19660	2
19661	2
19662	1
19663	1
19664	0
19665	0
19666	2
19667	1
19668	1
19669	2
19670	2
19671	1
19672	0
19673	1
19674	0
19675	1
19676	0
19677	1
19678	0
19679	2
19680	2
19681	2
19682	1
19683	1
19684	2
19685	2
19686	1
19687	1
19688	0
19689	2
19690	2
19691	2
19692	1
19693	1
19694	2
19695	1
19696	2
19697	2
19698	2
19699	0
19700	1
19701	1
19702	1
19703	2
19704	1
19705	0
19706	0
19707	2
19708	2
19709	2
19710	2
19711	0
19712	2
19713	0
19714	2
19715	0
19716	2
