0	3
1	4
2	4
3	0
4	3
5	2
6	0
7	3
8	3
9	2
10	0
11	0
12	4
13	3
14	3
15	3
16	2
17	3
18	1
19	3
20	5
21	3
22	4
23	6
24	3
25	3
26	6
27	3
28	2
29	4
30	3
31	6
32	0
33	4
34	2
35	0
36	1
37	5
38	4
39	4
40	3
41	6
42	6
43	4
44	3
45	3
46	2
47	5
48	3
49	4
50	5
51	3
52	0
53	2
54	1
55	4
56	6
57	3
58	2
59	2
60	0
61	0
62	0
63	4
64	2
65	0
66	4
67	5
68	2
69	6
70	5
71	2
72	2
73	2
74	0
75	4
76	5
77	6
78	4
79	0
80	0
81	0
82	4
83	2
84	4
85	1
86	4
87	6
88	0
89	4
90	2
91	4
92	6
93	6
94	0
95	0
96	6
97	5
98	0
99	6
100	0
101	2
102	1
103	1
104	1
105	2
106	6
107	5
108	6
109	1
110	2
111	2
112	1
113	5
114	5
115	5
116	6
117	5
118	6
119	5
120	5
121	1
122	6
123	6
124	1
125	5
126	1
127	6
128	5
129	5
130	5
131	1
132	5
133	1
134	1
135	1
136	1
137	1
138	1
139	1
140	4
141	3
142	0
143	3
144	6
145	6
146	0
147	3
148	4
149	0
150	3
151	4
152	4
153	1
154	2
155	2
156	2
157	3
158	3
159	3
160	3
161	0
162	4
163	5
164	0
165	3
166	4
167	3
168	3
169	3
170	2
171	3
172	3
173	2
174	2
175	6
176	1
177	4
178	3
179	3
180	3
181	6
182	3
183	3
184	3
185	3
186	0
187	4
188	2
189	2
190	6
191	5
192	3
193	5
194	4
195	0
196	4
197	3
198	4
199	4
200	3
201	3
202	2
203	4
204	0
205	3
206	2
207	3
208	3
209	4
210	4
211	0
212	3
213	6
214	0
215	3
216	3
217	4
218	3
219	3
220	5
221	2
222	3
223	2
224	4
225	1
226	3
227	2
228	2
229	3
230	3
231	3
232	3
233	5
234	1
235	3
236	1
237	3
238	5
239	0
240	3
241	5
242	0
243	4
244	2
245	4
246	2
247	4
248	4
249	5
250	4
251	3
252	5
253	3
254	3
255	4
256	3
257	0
258	4
259	5
260	0
261	3
262	6
263	2
264	5
265	5
266	5
267	3
268	2
269	3
270	0
271	4
272	5
273	3
274	0
275	4
276	0
277	3
278	3
279	0
280	0
281	3
282	5
283	4
284	4
285	3
286	4
287	3
288	3
289	2
290	2
291	3
292	0
293	3
294	1
295	3
296	2
297	3
298	3
299	4
300	5
301	2
302	1
303	1
304	0
305	0
306	1
307	6
308	1
309	3
310	3
311	3
312	2
313	3
314	3
315	0
316	3
317	4
318	1
319	3
320	4
321	3
322	2
323	0
324	0
325	4
326	2
327	3
328	2
329	1
330	4
331	6
332	3
333	2
334	0
335	3
336	3
337	2
338	3
339	4
340	4
341	2
342	1
343	3
344	5
345	3
346	2
347	0
348	4
349	5
350	1
351	3
352	3
353	2
354	0
355	2
356	4
357	2
358	2
359	2
360	5
361	4
362	4
363	2
364	2
365	0
366	3
367	2
368	4
369	4
370	5
371	5
372	1
373	0
374	3
375	4
376	5
377	3
378	4
379	5
380	3
381	4
382	3
383	3
384	1
385	4
386	3
387	3
388	5
389	2
390	3
391	2
392	5
393	5
394	4
395	3
396	3
397	3
398	3
399	1
400	5
401	3
402	3
403	2
404	6
405	0
406	1
407	3
408	0
409	1
410	5
411	3
412	6
413	3
414	6
415	0
416	3
417	3
418	3
419	5
420	4
421	3
422	4
423	0
424	5
425	2
426	1
427	2
428	4
429	4
430	4
431	4
432	3
433	3
434	0
435	4
436	3
437	0
438	5
439	2
440	0
441	5
442	4
443	4
444	4
445	3
446	0
447	6
448	5
449	2
450	4
451	5
452	1
453	3
454	5
455	3
456	0
457	3
458	5
459	1
460	1
461	0
462	3
463	4
464	2
465	6
466	2
467	0
468	5
469	3
470	4
471	6
472	5
473	3
474	5
475	0
476	1
477	3
478	0
479	5
480	2
481	2
482	3
483	5
484	1
485	0
486	3
487	1
488	4
489	2
490	5
491	6
492	4
493	2
494	2
495	6
496	0
497	0
498	4
499	6
500	3
501	2
502	0
503	3
504	6
505	1
506	6
507	3
508	1
509	3
510	3
511	3
512	3
513	2
514	5
515	4
516	5
517	5
518	3
519	1
520	3
521	3
522	4
523	4
524	2
525	0
526	2
527	0
528	5
529	4
530	0
531	0
532	3
533	2
534	2
535	2
536	2
537	6
538	4
539	6
540	5
541	5
542	1
543	0
544	0
545	4
546	3
547	3
548	1
549	3
550	6
551	6
552	2
553	3
554	3
555	3
556	1
557	2
558	2
559	5
560	4
561	3
562	2
563	1
564	2
565	2
566	3
567	2
568	3
569	2
570	3
571	3
572	0
573	5
574	3
575	3
576	3
577	4
578	5
579	3
580	2
581	1
582	4
583	4
584	4
585	4
586	0
587	5
588	4
589	1
590	3
591	0
592	3
593	4
594	6
595	3
596	6
597	3
598	3
599	3
600	6
601	3
602	4
603	3
604	6
605	3
606	0
607	3
608	1
609	2
610	5
611	6
612	5
613	2
614	0
615	2
616	2
617	3
618	3
619	0
620	3
621	5
622	3
623	4
624	0
625	3
626	2
627	4
628	5
629	2
630	3
631	2
632	2
633	3
634	5
635	2
636	0
637	3
638	4
639	3
1708	3
1709	2
1710	2
1711	2
1712	2
1713	0
1714	2
1715	2
1716	2
1717	2
1718	2
1719	2
1720	2
1721	2
1722	2
1723	2
1724	2
1725	2
1726	2
1727	2
1728	3
1729	2
1730	2
1731	2
1732	2
1733	2
1734	2
1735	1
1736	2
1737	2
1738	2
1739	2
1740	2
1741	3
1742	2
1743	2
1744	2
1745	2
1746	2
1747	2
1748	2
1749	2
1750	2
1751	2
1752	2
1753	2
1754	2
1755	2
1756	2
1757	2
1758	2
1759	2
1760	2
1761	2
1762	2
1763	2
1764	5
1765	2
1766	2
1767	1
1768	1
1769	1
1770	1
1771	1
1772	1
1773	1
1774	4
1775	1
1776	1
1777	1
1778	1
1779	1
1780	1
1781	1
1782	1
1783	1
1784	1
1785	4
1786	1
1787	1
1788	1
1789	1
1790	1
1791	1
1792	3
1793	4
1794	4
1795	4
1796	4
1797	1
1798	1
1799	3
1800	1
1801	0
1802	3
1803	0
1804	2
1805	1
1806	3
1807	3
1808	3
1809	3
1810	3
1811	3
1812	3
1813	3
1814	3
1815	3
1816	3
1817	3
1818	3
1819	3
1820	3
1821	3
1822	3
1823	3
1824	5
1825	5
1826	5
1827	5
1828	5
1829	5
1830	2
1831	2
1832	2
1833	2
1834	1
1835	6
1836	6
1837	3
1838	0
1839	0
1840	5
1841	0
1842	5
1843	0
1844	3
1845	5
1846	3
1847	0
1848	0
1849	6
1850	0
1851	6
1852	3
1853	3
1854	1
1855	3
1856	1
1857	3
1858	3
1859	3
1860	3
1861	3
1862	3
1863	3
1864	3
1865	3
1866	3
1867	3
1868	3
1869	3
1870	3
1871	3
1872	3
1873	3
1874	3
1875	3
1876	3
1877	3
1878	5
1879	5
1880	5
1881	5
1882	5
1883	5
1884	5
1885	5
1886	2
1887	2
1888	2
1889	4
1890	4
1891	4
1892	0
1893	3
1894	3
1895	2
1896	5
1897	5
1898	5
1899	5
1900	6
1901	5
1902	5
1903	5
1904	5
1905	0
1906	4
1907	4
1908	4
1909	0
1910	0
1911	5
1912	0
1913	0
1914	6
1915	6
1916	6
1917	6
1918	6
1919	6
1920	0
1921	0
1922	0
1923	0
1924	3
1925	0
1926	0
1927	0
1928	3
1929	3
1930	0
1931	3
1932	3
1933	3
1934	3
1935	3
1936	3
1937	3
1938	3
1939	3
1940	3
1941	3
1942	3
1943	3
1944	3
1945	3
1946	3
1947	3
1948	3
1949	3
1950	3
1951	3
1952	3
1953	5
1954	5
1955	5
1956	5
1957	3
1958	5
1959	5
1960	5
1961	5
1962	5
1963	5
1964	4
1965	4
1966	4
1967	4
1968	4
1969	4
1970	4
1971	4
1972	6
1973	6
1974	5
1975	6
1976	6
1977	3
1978	5
1979	5
1980	5
1981	0
1982	5
1983	0
1984	4
1985	4
1986	3
1987	3
1988	3
1989	2
1990	2
1991	1
1992	3
1993	3
1994	3
1995	3
1996	3
1997	3
1998	5
1999	3
2000	3
2001	4
2002	4
2003	3
2004	3
2005	3
2006	3
2007	3
2008	3
2009	3
2010	0
2011	3
2012	3
2013	6
2014	3
2015	6
2016	0
2017	5
2018	0
2019	0
2020	4
2021	0
2022	6
2023	5
2024	5
2025	0
2026	1
2027	3
2028	3
2029	5
2030	6
2031	5
2032	3
2033	3
2034	4
2035	3
2036	3
2037	3
2038	3
2039	3
2040	4
2041	3
2042	3
2043	4
2044	3
2045	1
2046	1
2047	0
2048	1
2049	0
2050	6
2051	0
2052	0
2053	0
2054	0
2055	0
2056	0
2057	0
2058	5
2059	0
2060	5
2061	5
2062	5
2063	3
2064	3
2065	3
2066	3
2067	3
2068	0
2069	0
2070	0
2071	2
2072	0
2073	0
2074	0
2075	3
2076	3
2077	3
2078	3
2079	1
2080	1
2081	1
2082	1
2083	2
2084	1
2085	1
2086	1
2087	1
2088	1
2089	0
2090	1
2091	3
2092	1
2093	1
2094	1
2095	1
2096	1
2097	0
2098	0
2099	0
2100	5
2101	5
2102	5
2103	5
2104	3
2105	5
2106	1
2107	1
2108	3
2109	6
2110	6
2111	5
2112	6
2113	2
2114	3
2115	3
2116	0
2117	3
2118	3
2119	3
2120	4
2121	4
2122	4
2123	4
2124	3
2125	3
2126	3
2127	4
2128	3
2129	3
2130	4
2131	0
2132	6
2133	0
2134	6
2135	6
2136	0
2137	0
2138	3
2139	3
2140	3
2141	3
2142	3
2143	1
2144	1
2145	1
2146	3
2147	3
2148	3
2149	3
2150	5
2151	6
2152	3
2153	4
2154	6
2155	0
2156	0
2157	6
2158	6
2159	6
2160	6
2161	6
2162	3
2163	3
2164	6
2165	6
2166	5
2167	2
2168	1
2169	2
2170	1
2171	0
2172	0
2173	6
2174	6
2175	2
2176	3
2177	3
2178	5
2179	0
2180	0
2181	0
2182	0
2183	0
2184	5
2185	5
2186	0
2187	3
2188	5
2189	0
2190	6
2191	3
2192	6
2193	0
2194	0
2195	0
2196	0
2197	0
2198	0
2199	0
2200	0
2201	0
2202	0
2203	0
2204	3
2205	3
2206	3
2207	3
2208	1
2209	6
2210	1
2211	0
2212	3
2213	3
2214	3
2215	3
2216	3
2217	6
2218	1
2219	0
2220	2
2221	2
2222	4
2223	4
2224	4
2225	4
2226	4
2227	5
2228	6
2229	3
2230	3
2231	0
2232	0
2233	0
2234	0
2235	5
2236	4
2237	4
2238	4
2239	4
2240	4
2241	3
2242	3
2243	3
2244	3
2245	3
2246	0
2247	3
2248	4
2249	4
2250	4
2251	1
2252	1
2253	3
2254	1
2255	1
2256	5
2257	1
2258	3
2259	4
2260	4
2261	4
2262	4
2263	4
2264	4
2265	4
2266	0
2267	0
2268	0
2269	5
2270	5
2271	5
2272	5
2273	5
2274	0
2275	5
2276	3
2277	0
2278	6
2279	2
2280	0
2281	5
2282	3
2283	3
2284	5
2285	5
2286	5
2287	5
2288	5
2289	4
2290	4
2291	0
2292	4
2293	0
2294	4
2295	0
2296	3
2297	4
2298	4
2299	4
2300	1
2301	3
2302	3
2303	3
2304	3
2305	3
2306	4
2307	2
2308	3
2309	3
2310	3
2311	0
2312	0
2313	2
2314	3
2315	3
2316	3
2317	3
2318	1
2319	1
2320	3
2321	0
2322	1
2323	4
2324	1
2325	1
2326	1
2327	1
2328	1
2329	1
2330	0
2331	1
2332	0
2333	0
2334	2
2335	4
2336	4
2337	4
2338	3
2339	3
2340	3
2341	4
2342	0
2343	3
2344	3
2345	3
2346	3
2347	0
2348	3
2349	3
2350	4
2351	4
2352	4
2353	4
2354	4
2355	4
2356	0
2357	4
2358	3
2359	2
2360	0
2361	3
2362	4
2363	5
2364	0
2365	2
2366	2
2367	3
2368	3
2369	3
2370	3
2371	3
2372	2
2373	3
2374	5
2375	5
2376	4
2377	1
2378	4
2379	4
2380	4
2381	3
2382	4
2383	4
2384	0
2385	4
2386	4
2387	4
2388	5
2389	2
2390	2
2391	2
2392	2
2393	4
2394	6
2395	6
2396	6
2397	6
2398	3
2399	4
2400	4
2401	4
2402	1
2403	3
2404	0
2405	3
2406	3
2407	5
2408	0
2409	2
2410	3
2411	3
2412	3
2413	3
2414	3
2415	2
2416	4
2417	4
2418	0
2419	0
2420	3
2421	2
2422	6
2423	6
2424	0
2425	3
2426	3
2427	3
2428	5
2429	1
2430	3
2431	4
2432	4
2433	2
2434	4
2435	4
2436	4
2437	3
2438	3
2439	2
2440	2
2441	2
2442	2
2443	2
2444	2
2445	2
2446	2
2447	2
2448	2
2449	0
2450	2
2451	2
2452	2
2453	0
2454	6
2455	6
2456	5
2457	6
2458	6
2459	3
2460	2
2461	6
2462	3
2463	4
2464	4
2465	4
2466	2
2467	6
2468	6
2469	0
2470	0
2471	3
2472	0
2473	4
2474	4
2475	3
2476	2
2477	3
2478	1
2479	6
2480	6
2481	5
2482	3
2483	4
2484	3
2485	5
2486	3
2487	1
2488	1
2489	3
2490	4
2491	5
2492	2
2493	3
2494	3
2495	3
2496	4
2497	5
2498	4
2499	0
2500	3
2501	3
2502	0
2503	2
2504	1
2505	1
2506	5
2507	2
2508	3
2509	3
2510	5
2511	0
2512	2
2513	3
2514	2
2515	2
2516	5
2517	5
2518	4
2519	3
2520	4
2521	3
2522	2
2523	2
2524	4
2525	2
2526	4
2527	5
2528	5
2529	3
2530	2
2531	3
2532	1
2533	0
2534	3
2535	3
2536	4
2537	5
2538	4
2539	3
2540	3
2541	3
2542	3
2543	3
2544	0
2545	1
2546	2
2547	4
2548	4
2549	4
2550	3
2551	3
2552	3
2553	5
2554	2
2555	3
2556	2
2557	2
2558	2
2559	3
2560	2
2561	2
2562	0
2563	4
2564	4
2565	3
2566	3
2567	3
2568	3
2569	3
2570	3
2571	3
2572	3
2573	3
2574	3
2575	0
2576	0
2577	3
2578	0
2579	3
2580	0
2581	2
2582	3
2583	4
2584	1
2585	2
2586	5
2587	4
2588	3
2589	3
2590	3
2591	1
2592	5
2593	3
2594	4
2595	3
2596	2
2597	2
2598	1
2599	3
2600	3
2601	3
2602	3
2603	3
2604	6
2605	3
2606	3
2607	3
2608	6
2609	3
2610	3
2611	3
2612	2
2613	3
2614	2
2615	4
2616	2
2617	4
2618	2
2619	2
2620	1
2621	5
2622	6
2623	4
2624	3
2625	3
2626	3
2627	2
2628	5
2629	3
2630	3
2631	4
2632	3
2633	3
2634	3
2635	3
2636	3
2637	4
2638	6
2639	0
2640	3
2641	2
2642	2
2643	2
2644	5
2645	4
2646	4
2647	4
2648	4
2649	6
2650	3
2651	2
2652	2
2653	0
2654	2
2655	2
2656	2
2657	2
2658	2
2659	3
2660	4
2661	4
2662	4
2663	3
2664	3
2665	4
2666	4
2667	3
2668	3
2669	3
2670	4
2671	4
2672	4
2673	4
2674	4
2675	4
2676	3
2677	4
2678	4
2679	4
2680	4
2681	4
2682	4
2683	4
2684	4
2685	2
2686	3
2687	3
2688	3
2689	2
2690	6
2691	2
2692	3
2693	3
2694	4
2695	4
2696	3
2697	3
2698	3
2699	3
2700	3
2701	3
2702	0
2703	3
2704	3
2705	3
2706	3
2707	3
