0	3
1	1
2	5
3	5
4	3
5	1
6	3
7	0
8	3
9	5
10	2
11	4
12	2
13	1
14	2
15	3
16	2
17	4
18	4
19	0
20	1
21	5
22	5
23	3
24	5
25	2
26	5
27	2
28	4
29	2
30	2
31	2
32	4
33	5
34	2
35	3
36	4
37	5
38	3
39	3
40	2
41	1
42	2
43	1
44	5
45	1
46	1
47	4
48	2
49	3
50	3
51	2
52	5
53	2
54	5
55	1
56	4
57	1
58	4
59	2
60	2
61	3
62	4
63	5
64	5
65	1
66	3
67	3
68	4
69	2
70	4
71	1
72	1
73	5
74	0
75	2
76	0
77	3
78	5
79	2
80	4
81	1
82	1
83	4
84	4
85	0
86	4
87	4
88	5
89	3
90	5
91	5
92	4
93	5
94	3
95	1
96	4
97	4
98	3
99	1
100	3
101	0
102	1
103	1
104	1
105	3
106	0
107	0
108	0
109	0
110	0
111	0
112	0
113	0
114	0
115	0
116	0
117	0
118	0
119	0
120	3
121	1
122	2
123	2
124	2
125	2
126	0
127	2
128	0
129	0
130	4
131	3
132	1
133	4
134	3
135	3
136	3
137	2
138	1
139	5
140	1
141	2
142	4
143	2
144	2
145	1
146	2
147	2
148	3
149	1
150	1
151	1
152	2
153	2
154	2
155	3
156	5
157	2
158	1
159	4
160	0
161	2
162	2
163	3
164	3
165	2
166	3
167	5
168	5
169	2
170	3
171	4
172	3
173	4
174	3
175	5
176	4
177	3
178	4
179	3
180	2
181	2
182	4
183	3
184	2
185	5
186	3
187	3
188	5
189	3
190	5
191	5
192	3
193	2
194	4
195	3
196	3
197	2
198	0
199	3
200	2
201	0
202	3
203	4
204	0
205	4
206	2
207	1
208	1
209	1
210	1
211	1
212	4
213	2
214	5
215	4
216	1
217	3
218	1
219	3
220	2
221	1
222	5
223	3
224	2
225	5
226	4
227	5
228	4
229	2
230	5
231	2
232	5
233	3
234	4
235	2
236	5
237	1
238	2
239	1
240	1
241	3
242	2
243	2
244	5
245	3
246	2
247	0
248	1
249	5
250	3
251	0
252	5
253	5
254	5
255	3
256	2
257	0
258	2
259	4
260	3
261	3
262	0
263	2
264	3
265	4
266	5
267	2
268	3
269	1
270	1
271	1
272	4
273	3
274	5
275	3
276	0
277	3
278	3
279	3
280	3
281	1
282	1
283	4
284	4
285	4
286	3
287	1
288	3
289	2
290	3
291	5
292	1
293	4
294	4
295	2
296	2
297	1
298	2
299	2
300	4
301	4
302	2
303	2
304	4
305	5
306	3
307	2
308	5
309	3
310	3
311	2
312	1
313	3
314	2
315	1
316	4
317	4
318	1
319	4
320	1
321	2
322	2
323	5
324	5
325	5
326	0
327	3
328	1
329	1
330	5
331	5
332	4
333	4
334	0
335	1
336	3
337	3
338	5
339	4
340	2
341	0
342	4
343	3
344	5
345	3
346	2
347	2
348	1
349	5
350	2
351	2
352	5
353	3
354	5
355	1
356	3
357	3
358	1
359	4
360	0
361	2
362	3
363	2
364	1
365	2
366	2
367	1
368	5
369	2
370	1
371	4
372	5
373	2
374	5
375	0
376	4
377	2
378	5
379	4
380	5
381	1
382	3
383	4
384	5
385	4
386	3
387	5
388	2
389	0
390	3
391	4
392	4
393	4
394	2
395	2
396	2
397	4
398	1
399	0
400	3
401	3
402	3
403	1
404	1
405	4
406	2
407	3
408	1
409	1
410	5
411	4
412	4
413	3
414	2
415	1
416	5
417	2
418	1
419	4
420	3
421	0
422	3
423	2
424	1
425	4
426	2
427	0
428	2
429	4
430	4
431	3
432	5
433	2
434	2
435	2
436	2
437	0
438	1
439	2
440	4
441	4
442	4
443	2
444	2
445	1
446	2
447	5
448	3
449	5
450	0
451	2
452	4
453	2
454	3
455	4
456	1
457	3
458	3
459	3
460	2
461	1
462	4
463	3
464	2
465	4
466	3
467	3
468	2
469	4
470	0
471	0
472	0
473	5
474	5
475	4
476	4
477	1
478	4
479	2
480	3
481	0
482	5
483	3
484	4
485	4
486	1
487	4
488	3
489	4
490	1
491	3
492	2
493	2
494	4
495	2
496	3
497	5
498	3
499	2
500	5
501	1
502	1
503	1
504	4
505	5
506	1
507	1
508	5
509	1
510	3
511	5
512	3
513	1
514	1
515	5
516	4
517	1
518	1
519	4
520	2
521	2
522	3
523	1
524	3
525	0
526	4
527	2
528	2
529	2
530	3
531	4
532	2
533	1
534	1
535	1
536	3
537	1
538	5
539	5
540	4
541	4
542	4
543	2
544	3
545	4
546	5
547	4
548	2
549	2
550	4
551	2
552	4
553	0
554	5
555	4
556	5
557	2
558	1
559	2
560	5
561	3
562	4
563	4
564	4
565	3
566	4
567	4
568	3
569	2
570	3
571	3
572	1
573	4
574	1
575	3
576	3
577	2
578	5
579	4
580	2
581	1
582	4
583	1
584	4
585	2
586	2
587	4
588	1
589	1
590	2
591	1
592	3
593	3
594	1
595	2
596	3
597	5
598	3
599	3
600	3
601	1
602	5
603	3
604	1
605	4
606	1
607	2
608	3
609	2
610	4
611	3
612	5
613	5
614	1
615	4
616	2
617	2
618	5
619	2
2312	4
2313	5
2314	4
2315	4
2316	4
2317	1
2318	4
2319	2
2320	3
2321	3
2322	3
2323	3
2324	2
2325	3
2326	3
2327	4
2328	2
2329	0
2330	1
2331	2
2332	0
2333	3
2334	3
2335	4
2336	2
2337	4
2338	0
2339	4
2340	3
2341	3
2342	3
2343	5
2344	4
2345	5
2346	4
2347	5
2348	1
2349	1
2350	3
2351	3
2352	3
2353	3
2354	3
2355	1
2356	2
2357	3
2358	3
2359	3
2360	1
2361	2
2362	2
2363	3
2364	3
2365	1
2366	5
2367	5
2368	5
2369	3
2370	2
2371	3
2372	3
2373	3
2374	3
2375	3
2376	3
2377	3
2378	5
2379	1
2380	3
2381	1
2382	1
2383	4
2384	1
2385	3
2386	3
2387	1
2388	3
2389	3
2390	2
2391	4
2392	3
2393	3
2394	3
2395	1
2396	2
2397	2
2398	2
2399	3
2400	5
2401	2
2402	1
2403	3
2404	2
2405	2
2406	2
2408	4
2409	3
2410	3
2411	4
2412	0
2413	3
2414	1
2415	2
2416	2
2417	2
2418	2
2419	3
2420	2
2421	2
2422	2
2423	1
2424	1
2425	5
2426	2
2427	2
2428	1
2429	2
2430	4
2431	3
2432	1
2433	1
2434	3
2435	2
2436	3
2437	4
2438	3
2439	3
2440	4
2441	4
2442	3
2443	2
2444	2
2445	1
2446	3
2447	4
2448	4
2449	4
2450	4
2451	4
2452	4
2453	5
2454	0
2455	3
2456	1
2457	1
2458	3
2459	1
2460	3
2461	1
2462	3
2463	4
2464	4
2465	3
2466	2
2467	3
2468	5
2469	3
2470	3
2471	3
2472	4
2473	2
2474	2
2475	2
2476	5
2477	3
2478	1
2479	0
2480	3
2481	2
2482	5
2483	2
2484	3
2485	2
2486	4
2487	2
2488	2
2490	2
2491	0
2492	5
2493	1
2494	3
2495	4
2496	4
2497	4
2498	1
2499	1
2500	5
2501	1
2502	2
2503	0
2504	1
2505	0
2506	2
2507	2
2508	3
2509	3
2510	3
2511	3
2512	5
2513	4
2514	4
2515	3
2516	1
2517	1
2518	2
2519	1
2520	2
2521	2
2522	2
2523	2
2524	5
2525	0
2526	1
2527	2
2528	2
2529	4
2530	0
2531	4
2532	1
2533	1
2534	2
2535	3
2536	1
2537	1
2538	2
2539	3
2540	3
2541	5
2542	2
2543	5
2544	5
2545	3
2546	1
2547	0
2548	5
2549	5
2550	5
2551	5
2552	3
2554	3
2555	3
2556	0
2557	4
2558	5
2559	3
2560	4
2561	5
2562	4
2563	5
2564	2
2565	0
2566	5
2567	5
2568	5
2569	1
2570	1
2571	3
2572	1
2573	2
2574	2
2575	2
2576	3
2577	2
2578	4
2579	5
2580	3
2581	3
2582	1
2583	3
2584	1
2585	2
2586	2
2587	1
2588	3
2589	1
2590	3
2591	1
2592	2
2593	1
2594	2
2595	1
2596	2
2597	2
2598	2
2599	2
2600	5
2601	4
2602	4
2603	5
2604	0
2605	3
2606	4
2607	5
2608	4
2609	4
2610	4
2611	4
2612	4
2613	0
2614	0
2615	1
2616	4
2617	1
2618	1
2619	5
2620	0
2621	2
2622	2
2623	3
2624	3
2625	2
2626	2
2627	0
2628	0
2629	3
2630	2
2631	4
2632	1
2633	1
2634	0
2635	0
2636	1
2637	2
2638	2
2639	2
2640	2
2641	2
2642	0
2643	4
2644	0
2645	1
2646	4
2647	1
2648	1
2649	2
2650	2
2651	3
2652	3
2653	1
2654	3
2655	2
2656	4
2657	4
2658	0
2659	0
2660	3
2661	4
2662	4
2663	2
2664	2
2665	2
2666	5
2667	5
2668	2
2669	5
2670	5
2671	5
2672	5
2673	4
2674	0
2675	2
2676	2
2677	0
2678	2
2679	4
2680	5
2681	4
2683	0
2684	3
2685	3
2686	5
2687	3
2688	3
2689	4
2690	2
2691	1
2692	5
2693	5
2694	0
2695	1
2696	3
2697	3
2698	3
2699	5
2700	3
2701	3
2702	1
2703	1
2704	1
2705	1
2706	1
2707	1
2708	1
2709	1
2710	1
2711	1
2712	1
2713	4
2714	2
2715	2
2716	0
2717	2
2718	2
2719	2
2720	2
2721	4
2722	3
2723	3
2724	5
2725	5
2726	4
2727	5
2728	2
2729	4
2730	4
2731	4
2732	5
2733	5
2734	4
2735	2
2736	2
2737	3
2738	3
2739	4
2740	4
2741	3
2742	1
2743	3
2744	2
2745	0
2746	5
2747	5
2748	5
2749	3
2750	4
2751	1
2752	4
2753	0
2754	5
2755	5
2756	0
2757	3
2758	0
2759	2
2760	3
2761	5
2762	3
2763	4
2764	2
2765	2
2766	3
2767	5
2768	1
2769	5
2770	3
2771	4
2772	5
2773	5
2774	2
2775	2
2776	4
2777	3
2778	3
2779	3
2780	3
2782	2
2783	2
2784	2
2785	2
2786	2
2787	3
2788	0
2789	0
2790	5
2791	1
2792	2
2793	3
2794	3
2795	1
2796	3
2797	2
2798	4
2799	3
2800	1
2801	3
2802	3
2803	3
2804	3
2805	3
2806	1
2807	0
2808	5
2809	4
2810	4
2811	1
2812	1
2813	3
2814	4
2815	4
2816	4
2817	4
2818	5
2819	4
2820	2
2821	2
2822	2
2823	2
2824	2
2825	2
2826	2
2827	3
2828	2
2829	2
2830	2
2831	1
2832	4
2833	0
2834	1
2835	4
2836	4
2837	4
2838	1
2839	2
2840	1
2841	5
2842	5
2843	2
2844	4
2845	4
2846	2
2847	2
2848	3
2849	1
2850	1
2851	0
2852	0
2853	2
2854	1
2855	0
2856	1
2857	5
2858	1
2859	2
2860	2
2861	3
2862	2
2863	0
2864	0
2865	3
2866	3
2867	3
2868	2
2869	2
2870	2
2871	1
2872	1
2873	1
2874	3
2875	3
2876	3
2877	5
2878	3
2879	5
2880	2
2881	3
2882	2
2883	3
2884	1
2885	5
2886	2
2887	2
2888	3
2889	3
2890	3
2891	1
2892	1
2893	1
2894	3
2895	3
2896	3
2897	3
2898	4
2899	4
2900	1
2901	4
2902	4
2903	1
2904	3
2905	3
2906	1
2907	0
2908	3
2909	5
2910	4
2911	4
2912	2
2913	4
2914	1
2915	0
2916	3
2917	1
2918	4
2919	1
2920	4
2921	4
2922	0
2923	5
2924	3
2925	2
2926	2
2927	2
2928	5
2929	5
2930	0
2931	4
2932	4
2933	1
2934	2
2935	2
2936	3
2937	3
2938	3
2939	5
2940	5
2941	5
2942	1
2943	5
2944	1
2945	4
2946	3
2947	1
2948	5
2949	5
2950	4
2951	4
2952	2
2954	3
2955	1
2956	0
2957	0
2958	5
2959	3
2960	1
2961	2
2962	1
2963	4
2964	1
2965	4
2966	1
2967	2
2968	2
2969	5
2970	1
2971	2
2972	1
2973	4
2974	5
2975	5
2976	1
2977	4
2978	5
2979	5
2980	1
2981	1
2982	5
2983	5
2984	3
2985	1
2986	0
2987	0
2988	1
2989	0
2990	0
2991	2
2992	0
2993	4
2994	3
2995	4
2996	3
2997	3
2998	1
2999	2
3000	3
3001	5
3002	3
3003	5
3004	5
3005	5
3006	5
3007	5
3008	3
3009	4
3010	4
3011	5
3012	4
3013	2
3014	2
3015	5
3016	1
3017	4
3018	4
3019	4
3020	3
3021	1
3022	5
3023	3
3024	1
3025	3
3026	4
3027	2
3028	2
3029	4
3030	2
3031	1
3032	5
3033	2
3034	2
3035	5
3036	5
3037	3
3038	3
3039	4
3040	1
3041	1
3043	2
3044	5
3045	3
3046	4
3047	4
3048	4
3049	5
3050	5
3051	1
3052	5
3053	5
3054	1
3055	5
3056	5
3057	1
3058	1
3059	1
3060	4
3061	2
3062	3
3064	5
3065	4
3066	1
3067	1
3068	4
3069	5
3070	2
3071	3
3072	1
3073	2
3074	1
3075	4
3076	1
3077	4
3078	1
3079	1
3080	1
3081	0
3082	0
3083	1
3084	5
3085	0
3086	2
3087	1
3088	1
3089	5
3090	1
3091	1
3092	3
3093	2
3094	3
3095	3
3096	1
3097	1
3098	2
3099	3
3100	2
3101	3
3102	5
3103	5
3104	5
3105	5
3106	5
3107	5
3108	5
3109	5
3110	5
3111	3
3112	3
3113	5
3114	2
3115	2
3116	3
3117	4
3118	4
3119	4
3120	4
3121	0
3122	3
3123	0
3124	3
3125	4
3126	1
3127	1
3128	3
3129	3
3130	0
3131	4
3132	5
3133	0
3134	0
3135	0
3136	2
3137	1
3138	3
3139	4
3140	5
3141	2
3142	1
3143	1
3144	3
3145	3
3146	4
3147	4
3148	4
3149	2
3150	2
3151	1
3152	5
3153	4
3154	0
3155	5
3156	5
3157	4
3158	3
3159	4
3160	5
3161	0
3162	3
3163	0
3164	3
3165	4
3166	4
3167	3
3168	3
3169	3
3170	3
3171	3
3172	3
3173	3
3174	5
3175	2
3176	0
3177	0
3178	1
3179	0
3180	0
3181	0
3182	3
3183	1
3184	5
3185	3
3186	2
3187	3
3188	5
3189	3
3190	3
3191	3
3192	1
3193	5
3194	5
3195	5
3196	5
3197	1
3198	2
3199	1
3200	4
3201	5
3202	4
3203	3
3204	3
3205	5
3206	5
3207	1
3208	4
3209	2
3210	5
3211	4
3213	1
3215	4
3216	4
3217	4
3218	4
3219	5
3220	5
3221	4
3222	3
3223	4
3224	3
3225	5
3226	3
3227	3
3228	1
3229	1
3230	0
3231	4
3232	4
3233	3
3234	1
3235	1
3236	1
3237	1
3238	3
3239	3
3240	3
3241	4
3242	3
3243	1
3244	4
3245	1
3246	1
3247	3
3248	5
3249	5
3251	5
3252	4
3253	4
3254	1
3255	3
3256	1
3257	4
3258	3
3259	3
3260	3
3261	1
3262	2
3263	2
3264	5
3265	3
3266	2
3267	5
3268	1
3269	3
3270	3
3271	5
3272	5
3273	4
3274	0
3275	3
3276	5
3277	5
3278	5
3279	1
3280	2
3281	2
3282	4
3283	1
3284	4
3285	5
3286	5
3287	5
3288	4
3289	5
3290	2
3291	1
3293	5
3294	4
3295	4
3296	0
3297	3
3298	5
3299	4
3300	1
3301	3
3302	3
3303	5
3304	4
3307	2
3308	1
3310	0
3311	1
3312	3
3313	2
3314	4
3315	3
3316	2
3317	4
3318	4
3319	1
3320	1
3321	0
3322	3
3323	3
3324	3
3325	1
3326	5
